<?xml version="1.0" encoding="UTF-8" standalone="no"?>
<!DOCTYPE svg PUBLIC "-//W3C//DTD SVG 20010904//EN"
              "http://www.w3.org/TR/2001/REC-SVG-20010904/DTD/svg10.dtd">

<svg xmlns="http://www.w3.org/2000/svg"
     width="15.7778in" height="8.88889in"
     viewBox="0 0 1136 640">
  <path id="10"
        fill="none" stroke="black" stroke-width="1"
        d="M 986.00,161.05
           C 986.00,161.05 991.00,161.05 991.00,161.05
             1004.56,163.28 989.70,178.51 986.38,183.00
             985.13,184.68 983.68,186.78 983.99,189.00
             984.45,192.30 988.24,194.67 991.00,195.94
             996.31,198.39 1008.04,200.18 1014.00,200.41
             1020.20,200.64 1038.12,198.21 1044.00,196.25
             1047.13,195.21 1051.52,193.19 1052.87,189.96
             1056.36,181.59 1032.93,171.18 1045.11,163.01
             1046.30,162.21 1047.61,161.71 1049.00,161.13
             1050.99,160.93 1053.91,161.00 1056.00,161.13
             1056.00,161.13 1136.00,161.13 1136.00,161.13
             1136.00,161.13 1136.00,320.13 1136.00,320.13
             1136.00,320.13 1056.00,320.13 1056.00,320.13
             1053.91,320.00 1051.00,319.93 1049.00,320.13
             1047.57,320.72 1046.29,321.22 1045.04,322.01
             1031.24,330.77 1054.04,340.70 1052.19,348.96
             1051.36,352.67 1046.23,354.59 1043.00,355.56
             1037.36,357.25 1019.71,359.86 1014.00,359.49
             1008.10,359.10 997.37,357.54 992.00,355.37
             989.48,354.35 985.73,352.69 984.92,349.82
             983.25,343.80 995.72,335.31 997.30,328.00
             998.14,324.10 995.67,321.25 992.00,320.10
             990.55,319.94 987.58,320.00 986.00,320.10
             986.00,320.10 910.10,320.10 910.10,320.10
             910.10,320.10 910.10,268.00 910.10,268.00
             910.00,266.41 909.94,263.46 910.10,262.00
             911.75,256.32 916.78,254.86 922.00,255.04
             932.53,255.41 940.05,263.87 950.00,262.89
             958.42,262.06 961.58,253.03 963.57,246.00
             964.55,242.54 965.50,238.60 965.22,235.00
             964.54,226.62 958.98,213.37 949.00,213.48
             943.09,213.55 936.58,217.99 931.00,219.71
             925.74,221.34 913.66,226.10 910.60,218.87
             909.88,217.18 910.00,213.89 910.00,212.00
             910.00,212.00 910.00,161.05 910.00,161.05
             910.00,161.05 986.00,161.05 986.00,161.05 Z" />
</svg>
