<?xml version="1.0" encoding="UTF-8" standalone="no"?>
<!DOCTYPE svg PUBLIC "-//W3C//DTD SVG 20010904//EN"
              "http://www.w3.org/TR/2001/REC-SVG-20010904/DTD/svg10.dtd">

<svg xmlns="http://www.w3.org/2000/svg"
     width="15.7778in" height="8.88889in"
     viewBox="0 0 1136 640">
  <path id="11"
        fill="none" stroke="black" stroke-width="1"
        d="M 77.00,320.90
           C 78.58,321.00 81.55,321.06 83.00,320.90
             96.56,317.23 81.13,302.95 77.81,298.00
             76.63,296.25 75.47,294.23 75.96,292.04
             76.74,288.56 81.00,286.78 84.00,285.70
             91.13,283.14 100.44,281.92 108.00,282.00
             114.52,282.08 128.81,284.21 135.00,286.22
             137.84,287.14 142.39,288.94 143.29,292.10
             145.57,300.07 123.78,309.55 135.06,318.57
             136.30,319.56 137.47,320.15 139.00,320.86
             140.86,321.08 144.01,321.00 146.00,320.86
             146.00,320.86 228.00,320.86 228.00,320.86
             228.00,320.86 228.00,373.00 228.00,373.00
             228.00,374.72 228.14,378.11 227.43,379.61
             224.54,385.71 213.55,381.56 209.00,380.11
             197.49,376.46 186.91,367.37 177.70,381.00
             176.27,383.12 175.45,385.58 174.72,388.00
             173.73,391.29 172.90,394.54 173.19,398.00
             173.90,406.61 178.70,422.31 189.00,422.93
             198.34,423.49 206.54,415.73 216.00,415.10
             220.61,414.79 226.32,415.90 227.90,421.04
             228.06,422.44 228.00,425.46 227.90,427.00
             227.90,427.00 227.90,480.13 227.90,480.13
             227.90,480.13 147.00,480.13 147.00,480.13
             144.91,480.00 142.00,479.93 140.00,480.13
             138.57,480.72 137.29,481.22 136.04,482.01
             122.24,490.77 145.04,500.70 143.19,508.96
             142.36,512.67 137.23,514.59 134.00,515.56
             128.36,517.25 110.71,519.86 105.00,519.49
             99.10,519.10 88.37,517.54 83.00,515.37
             80.48,514.35 76.73,512.69 75.92,509.82
             74.25,503.80 86.72,495.31 88.30,488.00
             89.14,484.10 86.67,481.25 83.00,480.10
             81.55,479.94 78.58,480.00 77.00,480.10
             77.00,480.10 0.00,480.10 0.00,480.10
             0.00,480.10 0.00,320.90 0.00,320.90
             0.00,320.90 77.00,320.90 77.00,320.90 Z" />
</svg>
