<?xml version="1.0" encoding="UTF-8" standalone="no"?>
<!DOCTYPE svg PUBLIC "-//W3C//DTD SVG 20010904//EN"
              "http://www.w3.org/TR/2001/REC-SVG-20010904/DTD/svg10.dtd">

<svg xmlns="http://www.w3.org/2000/svg"
     width="15.7778in" height="8.88889in"
     viewBox="0 0 1136 640">
  <path id="12"
        fill="none" stroke="black" stroke-width="1"
        d="M 305.00,321.05
           C 305.00,321.05 310.00,321.05 310.00,321.05
             323.56,323.28 308.70,338.51 305.38,343.00
             304.13,344.68 302.68,346.78 302.99,349.00
             303.45,352.30 307.24,354.67 310.00,355.94
             315.31,358.39 327.04,360.18 333.00,360.41
             339.20,360.64 357.12,358.21 363.00,356.25
             366.13,355.21 370.52,353.19 371.87,349.96
             375.36,341.59 351.93,331.18 364.11,323.01
             365.30,322.21 366.61,321.71 368.00,321.13
             369.99,320.93 372.91,321.00 375.00,321.13
             375.00,321.13 455.00,321.13 455.00,321.13
             455.00,321.13 455.00,373.00 455.00,373.00
             455.00,374.72 455.14,378.11 454.43,379.61
             451.54,385.71 440.55,381.56 436.00,380.11
             424.49,376.46 413.91,367.37 404.70,381.00
             403.27,383.12 402.45,385.58 401.72,388.00
             400.73,391.29 399.90,394.54 400.19,398.00
             400.90,406.61 405.70,422.31 416.00,422.93
             425.34,423.49 433.54,415.73 443.00,415.10
             447.61,414.79 453.32,415.90 454.90,421.04
             455.06,422.44 455.00,425.46 454.90,427.00
             454.90,427.00 454.90,480.13 454.90,480.13
             454.90,480.13 375.00,480.13 375.00,480.13
             372.91,480.00 370.00,479.93 368.00,480.13
             366.57,480.72 365.29,481.22 364.04,482.01
             350.24,490.77 373.04,500.70 371.19,508.96
             370.36,512.67 365.23,514.59 362.00,515.56
             356.36,517.25 338.71,519.86 333.00,519.49
             327.10,519.10 316.37,517.54 311.00,515.37
             308.48,514.35 304.73,512.69 303.92,509.82
             302.25,503.80 314.72,495.31 316.30,488.00
             317.14,484.10 314.67,481.25 311.00,480.10
             309.55,479.94 306.58,480.00 305.00,480.10
             305.00,480.10 229.00,480.10 229.00,480.10
             229.00,480.10 229.00,427.00 229.00,427.00
             229.00,425.00 229.11,421.87 228.40,420.04
             225.62,412.91 215.94,413.43 210.00,415.36
             199.46,418.78 185.67,429.38 178.52,414.00
             178.52,414.00 175.74,406.00 175.74,406.00
             174.84,402.73 173.91,398.38 174.19,395.00
             174.38,392.65 175.30,389.27 176.03,387.00
             176.71,384.89 177.45,382.85 178.70,381.06
             187.28,368.37 198.50,377.77 209.00,381.06
             214.18,382.77 225.30,386.89 228.40,379.79
             229.12,378.14 229.00,374.85 229.00,373.00
             229.00,373.00 229.00,321.05 229.00,321.05
             229.00,321.05 305.00,321.05 305.00,321.05 Z" />
</svg>
