<?xml version="1.0" encoding="UTF-8" standalone="no"?>
<!DOCTYPE svg PUBLIC "-//W3C//DTD SVG 20010904//EN"
              "http://www.w3.org/TR/2001/REC-SVG-20010904/DTD/svg10.dtd">

<svg xmlns="http://www.w3.org/2000/svg"
     width="15.7778in" height="8.88889in"
     viewBox="0 0 1136 640">
  <path id="13"
        fill="none" stroke="black" stroke-width="1"
        d="M 532.00,320.90
           C 533.58,321.00 536.55,321.06 538.00,320.90
             551.56,317.23 536.13,302.95 532.81,298.00
             531.63,296.25 530.47,294.23 530.96,292.04
             531.74,288.56 536.00,286.78 539.00,285.70
             546.13,283.14 555.44,281.92 563.00,282.00
             569.52,282.08 583.81,284.21 590.00,286.22
             592.84,287.14 597.39,288.94 598.29,292.10
             600.57,300.07 578.78,309.55 590.06,318.57
             591.30,319.56 592.47,320.15 594.00,320.86
             595.86,321.08 599.01,321.00 601.00,320.86
             601.00,320.86 682.00,320.86 682.00,320.86
             682.00,320.86 682.00,372.00 682.00,372.00
             682.00,373.97 681.89,377.15 682.60,378.95
             685.78,386.94 696.24,382.94 702.00,381.27
             713.42,377.97 724.70,367.60 733.39,382.00
             734.63,384.06 735.19,385.72 735.84,388.00
             736.51,390.32 737.37,393.62 737.42,396.00
             737.55,402.57 733.48,416.49 727.91,420.26
             725.77,421.71 723.52,421.99 721.00,421.95
             710.31,421.76 697.19,409.17 687.02,415.74
             685.07,417.00 683.42,418.81 682.60,421.00
             681.89,422.91 682.00,425.94 682.00,428.00
             682.00,428.00 682.00,479.92 682.00,479.92
             682.00,479.92 601.00,479.92 601.00,479.92
             601.00,479.92 595.00,479.92 595.00,479.92
             593.51,479.50 592.33,479.12 591.06,478.26
             578.51,469.76 603.06,459.60 598.93,451.10
             597.23,447.60 591.55,445.57 588.00,444.67
             579.87,442.60 566.30,440.52 558.00,441.09
             552.21,441.48 542.26,443.18 537.00,445.47
             534.19,446.69 530.67,448.77 529.96,452.02
             528.74,457.62 537.71,462.95 541.47,471.00
             543.71,475.82 542.55,479.26 536.98,479.96
             536.98,479.96 532.00,479.96 532.00,479.96
             532.00,479.96 456.00,479.96 456.00,479.96
             456.00,479.96 456.00,427.00 456.00,427.00
             456.00,425.00 456.11,421.87 455.40,420.04
             452.62,412.91 442.94,413.43 437.00,415.36
             426.46,418.78 412.67,429.38 405.52,414.00
             405.52,414.00 402.74,406.00 402.74,406.00
             401.84,402.73 400.91,398.38 401.19,395.00
             401.38,392.65 402.30,389.27 403.03,387.00
             403.71,384.89 404.45,382.85 405.70,381.06
             414.28,368.37 425.50,377.77 436.00,381.06
             441.18,382.77 452.30,386.89 455.40,379.79
             456.12,378.14 456.00,374.85 456.00,373.00
             456.00,373.00 456.00,320.90 456.00,320.90
             456.00,320.90 532.00,320.90 532.00,320.90 Z" />
</svg>
