<?xml version="1.0" encoding="UTF-8" standalone="no"?>
<!DOCTYPE svg PUBLIC "-//W3C//DTD SVG 20010904//EN"
              "http://www.w3.org/TR/2001/REC-SVG-20010904/DTD/svg10.dtd">

<svg xmlns="http://www.w3.org/2000/svg"
     width="15.7778in" height="8.88889in"
     viewBox="0 0 1136 640">
  <path id="14"
        fill="none" stroke="black" stroke-width="1"
        d="M 759.00,321.05
           C 759.00,321.05 764.00,321.05 764.00,321.05
             777.56,323.28 762.70,338.51 759.38,343.00
             758.13,344.68 756.68,346.78 756.99,349.00
             757.45,352.30 761.24,354.67 764.00,355.94
             769.31,358.39 781.04,360.18 787.00,360.41
             793.20,360.64 811.12,358.21 817.00,356.25
             820.13,355.21 824.52,353.19 825.87,349.96
             829.36,341.59 805.93,331.18 818.11,323.01
             819.30,322.21 820.61,321.71 822.00,321.13
             823.99,320.93 826.91,321.00 829.00,321.13
             829.00,321.13 909.00,321.13 909.00,321.13
             909.00,321.13 909.00,372.00 909.00,372.00
             909.00,373.97 908.89,377.15 909.60,378.95
             912.78,386.94 923.24,382.94 929.00,381.27
             940.42,377.97 951.70,367.60 960.39,382.00
             961.63,384.06 962.19,385.72 962.84,388.00
             963.51,390.32 964.37,393.62 964.42,396.00
             964.55,402.57 960.48,416.49 954.91,420.26
             952.77,421.71 950.52,421.99 948.00,421.95
             937.31,421.76 924.19,409.17 914.02,415.74
             912.07,417.00 910.42,418.81 909.60,421.00
             908.89,422.91 909.00,425.94 909.00,428.00
             909.00,428.00 909.00,479.92 909.00,479.92
             909.00,479.92 828.00,479.92 828.00,479.92
             828.00,479.92 822.00,479.92 822.00,479.92
             820.51,479.50 819.33,479.12 818.06,478.26
             805.51,469.76 830.06,459.60 825.93,451.10
             824.23,447.60 818.55,445.57 815.00,444.67
             806.87,442.60 793.30,440.52 785.00,441.09
             779.21,441.48 769.26,443.18 764.00,445.47
             761.19,446.69 757.67,448.77 756.96,452.02
             755.74,457.62 764.71,462.95 768.47,471.00
             770.71,475.82 769.55,479.26 763.98,479.96
             763.98,479.96 759.00,479.96 759.00,479.96
             759.00,479.96 683.10,479.96 683.10,479.96
             683.10,479.96 683.10,428.00 683.10,428.00
             683.00,426.41 682.94,423.46 683.10,422.00
             684.75,416.32 689.78,414.86 695.00,415.04
             705.53,415.41 713.05,423.87 723.00,422.89
             731.42,422.06 734.58,413.03 736.57,406.00
             737.55,402.54 738.50,398.60 738.22,395.00
             737.54,386.62 731.98,373.37 722.00,373.48
             716.09,373.55 709.58,377.99 704.00,379.71
             698.74,381.34 686.66,386.10 683.60,378.87
             682.88,377.18 683.00,373.89 683.00,372.00
             683.00,372.00 683.00,321.05 683.00,321.05
             683.00,321.05 759.00,321.05 759.00,321.05 Z" />
</svg>
