<?xml version="1.0" encoding="UTF-8" standalone="no"?>
<!DOCTYPE svg PUBLIC "-//W3C//DTD SVG 20010904//EN"
              "http://www.w3.org/TR/2001/REC-SVG-20010904/DTD/svg10.dtd">

<svg xmlns="http://www.w3.org/2000/svg"
     width="15.7778in" height="8.88889in"
     viewBox="0 0 1136 640">
  <path id="15"
        fill="none" stroke="black" stroke-width="1"
        d="M 986.00,321.05
           C 986.00,321.05 991.00,321.05 991.00,321.05
             1004.56,323.28 989.70,338.51 986.38,343.00
             985.13,344.68 983.68,346.78 983.99,349.00
             984.45,352.30 988.24,354.67 991.00,355.94
             996.31,358.39 1008.04,360.18 1014.00,360.41
             1020.20,360.64 1038.12,358.21 1044.00,356.25
             1047.13,355.21 1051.52,353.19 1052.87,349.96
             1056.36,341.59 1032.93,331.18 1045.11,323.01
             1046.30,322.21 1047.61,321.71 1049.00,321.13
             1050.99,320.93 1053.91,321.00 1056.00,321.13
             1056.00,321.13 1136.00,321.13 1136.00,321.13
             1136.00,321.13 1136.00,479.92 1136.00,479.92
             1136.00,479.92 1055.00,479.92 1055.00,479.92
             1055.00,479.92 1049.00,479.92 1049.00,479.92
             1047.51,479.50 1046.33,479.12 1045.06,478.26
             1032.51,469.76 1057.06,459.60 1052.93,451.10
             1051.23,447.60 1045.55,445.57 1042.00,444.67
             1033.87,442.60 1020.30,440.52 1012.00,441.09
             1006.21,441.48 996.26,443.18 991.00,445.47
             988.19,446.69 984.67,448.77 983.96,452.02
             982.74,457.62 991.71,462.95 995.47,471.00
             997.71,475.82 996.55,479.26 990.98,479.96
             990.98,479.96 986.00,479.96 986.00,479.96
             986.00,479.96 910.10,479.96 910.10,479.96
             910.10,479.96 910.10,428.00 910.10,428.00
             910.00,426.41 909.94,423.46 910.10,422.00
             911.75,416.32 916.78,414.86 922.00,415.04
             932.53,415.41 940.05,423.87 950.00,422.89
             958.42,422.06 961.58,413.03 963.57,406.00
             964.55,402.54 965.50,398.60 965.22,395.00
             964.54,386.62 958.98,373.37 949.00,373.48
             943.09,373.55 936.58,377.99 931.00,379.71
             925.74,381.34 913.66,386.10 910.60,378.87
             909.88,377.18 910.00,373.89 910.00,372.00
             910.00,372.00 910.00,321.05 910.00,321.05
             910.00,321.05 986.00,321.05 986.00,321.05 Z" />
</svg>
