<?xml version="1.0" encoding="UTF-8" standalone="no"?>
<!DOCTYPE svg PUBLIC "-//W3C//DTD SVG 20010904//EN"
              "http://www.w3.org/TR/2001/REC-SVG-20010904/DTD/svg10.dtd">

<svg xmlns="http://www.w3.org/2000/svg"
     width="15.7778in" height="8.88889in"
     viewBox="0 0 1136 640">
  <path id="16"
        fill="none" stroke="black" stroke-width="1"
        d="M 77.00,481.05
           C 77.00,481.05 82.00,481.05 82.00,481.05
             95.56,483.28 80.70,498.51 77.38,503.00
             76.13,504.68 74.68,506.78 74.99,509.00
             75.45,512.30 79.24,514.67 82.00,515.94
             87.31,518.39 99.04,520.18 105.00,520.41
             111.20,520.64 129.12,518.21 135.00,516.25
             138.13,515.21 142.52,513.19 143.87,509.96
             147.36,501.59 123.93,491.18 136.11,483.01
             137.30,482.21 138.61,481.71 140.00,481.13
             141.99,480.93 144.91,481.00 147.00,481.13
             147.00,481.13 228.00,481.13 228.00,481.13
             228.00,481.13 228.00,532.00 228.00,532.00
             228.00,533.97 227.89,537.15 228.60,538.95
             231.78,546.94 242.24,542.94 248.00,541.27
             259.42,537.97 270.70,527.60 279.39,542.00
             280.63,544.06 281.19,545.72 281.84,548.00
             282.51,550.32 283.37,553.62 283.42,556.00
             283.55,562.57 279.48,576.49 273.91,580.26
             271.77,581.71 269.52,581.99 267.00,581.95
             256.31,581.76 243.19,569.17 233.02,575.74
             231.07,577.00 229.42,578.81 228.60,581.00
             227.89,582.91 228.00,585.94 228.00,588.00
             228.00,588.00 228.00,640.00 228.00,640.00
             228.00,640.00 0.00,640.00 0.00,640.00
             0.00,640.00 0.00,481.05 0.00,481.05
             0.00,481.05 77.00,481.05 77.00,481.05 Z" />
</svg>
