<?xml version="1.0" encoding="UTF-8" standalone="no"?>
<!DOCTYPE svg PUBLIC "-//W3C//DTD SVG 20010904//EN"
              "http://www.w3.org/TR/2001/REC-SVG-20010904/DTD/svg10.dtd">

<svg xmlns="http://www.w3.org/2000/svg"
     width="15.7778in" height="8.88889in"
     viewBox="0 0 1136 640">
  <path id="17"
        fill="none" stroke="black" stroke-width="1"
        d="M 305.00,481.05
           C 305.00,481.05 310.00,481.05 310.00,481.05
             323.56,483.28 308.70,498.51 305.38,503.00
             304.13,504.68 302.68,506.78 302.99,509.00
             303.45,512.30 307.24,514.67 310.00,515.94
             315.31,518.39 327.04,520.18 333.00,520.41
             339.20,520.64 357.12,518.21 363.00,516.25
             366.13,515.21 370.52,513.19 371.87,509.96
             375.36,501.59 351.93,491.18 364.11,483.01
             365.30,482.21 366.61,481.71 368.00,481.13
             369.99,480.93 372.91,481.00 375.00,481.13
             375.00,481.13 455.00,481.13 455.00,481.13
             455.00,481.13 455.00,532.00 455.00,532.00
             455.00,533.97 454.89,537.15 455.60,538.95
             458.78,546.94 469.24,542.94 475.00,541.27
             486.42,537.97 497.70,527.60 506.39,542.00
             507.63,544.06 508.19,545.72 508.84,548.00
             509.51,550.32 510.37,553.62 510.42,556.00
             510.55,562.57 506.48,576.49 500.91,580.26
             498.77,581.71 496.52,581.99 494.00,581.95
             483.31,581.76 470.19,569.17 460.02,575.74
             458.07,577.00 456.42,578.81 455.60,581.00
             454.89,582.91 455.00,585.94 455.00,588.00
             455.00,588.00 455.00,640.00 455.00,640.00
             455.00,640.00 229.10,640.00 229.10,640.00
             229.10,640.00 229.10,588.00 229.10,588.00
             229.00,586.41 228.94,583.46 229.10,582.00
             230.75,576.32 235.78,574.86 241.00,575.04
             251.53,575.41 259.05,583.87 269.00,582.89
             277.42,582.06 280.58,573.03 282.57,566.00
             283.55,562.54 284.50,558.60 284.22,555.00
             283.54,546.62 277.98,533.37 268.00,533.48
             262.09,533.55 255.58,537.99 250.00,539.71
             244.74,541.34 232.66,546.10 229.60,538.87
             228.88,537.18 229.00,533.89 229.00,532.00
             229.00,532.00 229.00,481.05 229.00,481.05
             229.00,481.05 305.00,481.05 305.00,481.05 Z" />
</svg>
