<?xml version="1.0" encoding="UTF-8" standalone="no"?>
<!DOCTYPE svg PUBLIC "-//W3C//DTD SVG 20010904//EN"
              "http://www.w3.org/TR/2001/REC-SVG-20010904/DTD/svg10.dtd">

<svg xmlns="http://www.w3.org/2000/svg"
     width="15.7778in" height="8.88889in"
     viewBox="0 0 1136 640">
  <path id="18"
        fill="none" stroke="black" stroke-width="1"
        d="M 532.00,480.90
           C 533.58,481.00 536.55,481.06 538.00,480.90
             551.56,477.23 536.13,462.95 532.81,458.00
             531.63,456.25 530.47,454.23 530.96,452.04
             531.74,448.56 536.00,446.78 539.00,445.70
             546.13,443.14 555.44,441.92 563.00,442.00
             569.52,442.08 583.81,444.21 590.00,446.22
             592.84,447.14 597.39,448.94 598.29,452.10
             600.57,460.07 578.78,469.55 590.06,478.57
             591.30,479.56 592.47,480.15 594.00,480.86
             595.86,481.08 599.01,481.00 601.00,480.86
             601.00,480.86 682.00,480.86 682.00,480.86
             682.00,480.86 682.00,533.00 682.00,533.00
             682.00,534.72 682.14,538.11 681.43,539.61
             678.54,545.71 667.55,541.56 663.00,540.11
             651.49,536.46 640.91,527.37 631.70,541.00
             630.27,543.12 629.45,545.58 628.72,548.00
             627.73,551.29 626.90,554.54 627.19,558.00
             627.90,566.61 632.70,582.31 643.00,582.93
             652.34,583.49 660.54,575.73 670.00,575.10
             674.61,574.79 680.32,575.90 681.90,581.04
             682.06,582.44 682.00,585.46 681.90,587.00
             681.90,587.00 681.90,640.00 681.90,640.00
             681.90,640.00 456.10,640.00 456.10,640.00
             456.10,640.00 456.10,588.00 456.10,588.00
             456.00,586.41 455.94,583.46 456.10,582.00
             457.75,576.32 462.78,574.86 468.00,575.04
             478.53,575.41 486.05,583.87 496.00,582.89
             504.42,582.06 507.58,573.03 509.57,566.00
             510.55,562.54 511.50,558.60 511.22,555.00
             510.54,546.62 504.98,533.37 495.00,533.48
             489.09,533.55 482.58,537.99 477.00,539.71
             471.74,541.34 459.66,546.10 456.60,538.87
             455.88,537.18 456.00,533.89 456.00,532.00
             456.00,532.00 456.00,480.90 456.00,480.90
             456.00,480.90 532.00,480.90 532.00,480.90 Z" />
</svg>
