<?xml version="1.0" encoding="UTF-8" standalone="no"?>
<!DOCTYPE svg PUBLIC "-//W3C//DTD SVG 20010904//EN"
              "http://www.w3.org/TR/2001/REC-SVG-20010904/DTD/svg10.dtd">

<svg xmlns="http://www.w3.org/2000/svg"
     width="15.7778in" height="8.88889in"
     viewBox="0 0 1136 640">
  <path id="19"
        fill="none" stroke="black" stroke-width="1"
        d="M 759.00,480.90
           C 760.58,481.00 763.55,481.06 765.00,480.90
             778.56,477.23 763.13,462.95 759.81,458.00
             758.63,456.25 757.47,454.23 757.96,452.04
             758.74,448.56 763.00,446.78 766.00,445.70
             773.13,443.14 782.44,441.92 790.00,442.00
             796.52,442.08 810.81,444.21 817.00,446.22
             819.84,447.14 824.39,448.94 825.29,452.10
             827.57,460.07 805.78,469.55 817.06,478.57
             818.30,479.56 819.47,480.15 821.00,480.86
             822.86,481.08 826.01,481.00 828.00,480.86
             828.00,480.86 909.00,480.86 909.00,480.86
             909.00,480.86 909.00,532.00 909.00,532.00
             909.00,533.97 908.89,537.15 909.60,538.95
             912.78,546.94 923.24,542.94 929.00,541.27
             940.42,537.97 951.70,527.60 960.39,542.00
             961.63,544.06 962.19,545.72 962.84,548.00
             963.51,550.32 964.37,553.62 964.42,556.00
             964.55,562.57 960.48,576.49 954.91,580.26
             952.77,581.71 950.52,581.99 948.00,581.95
             937.31,581.76 924.19,569.17 914.02,575.74
             912.07,577.00 910.42,578.81 909.60,581.00
             908.89,582.91 909.00,585.94 909.00,588.00
             909.00,588.00 909.00,640.00 909.00,640.00
             909.00,640.00 683.00,640.00 683.00,640.00
             683.00,640.00 683.00,587.00 683.00,587.00
             683.00,585.00 683.11,581.87 682.40,580.04
             679.62,572.91 669.94,573.43 664.00,575.36
             653.46,578.78 639.67,589.38 632.52,574.00
             632.52,574.00 629.74,566.00 629.74,566.00
             628.84,562.73 627.91,558.38 628.19,555.00
             628.38,552.65 629.30,549.27 630.03,547.00
             630.71,544.89 631.45,542.85 632.70,541.06
             641.28,528.37 652.50,537.77 663.00,541.06
             668.18,542.77 679.30,546.89 682.40,539.79
             683.12,538.14 683.00,534.85 683.00,533.00
             683.00,533.00 683.00,480.90 683.00,480.90
             683.00,480.90 759.00,480.90 759.00,480.90 Z" />
</svg>
