
<svg xmlns="http://www.w3.org/2000/svg"
     width="15.7778in" height="8.88889in"
     viewBox="0 0 1136 640">
  <defs>
    <mask id="hole">
      <path id="02"
            fill="#fff" stroke="black" stroke-width="1"
            d="M 455.00,0.00
               C 455.00,0.00 455.00,52.00 455.00,52.00
                 455.00,53.97 454.89,57.15 455.60,58.95
                 458.78,66.94 469.24,62.94 475.00,61.27
                 486.42,57.97 497.70,47.60 506.39,62.00
                 507.63,64.06 508.19,65.72 508.84,68.00
                 509.51,70.32 510.37,73.62 510.42,76.00
                 510.55,82.57 506.48,96.49 500.91,100.26
                 498.77,101.71 496.52,101.99 494.00,101.95
                 483.31,101.76 470.19,89.17 460.02,95.74
                 458.07,97.00 456.42,98.81 455.60,101.00
                 454.89,102.91 455.00,105.94 455.00,108.00
                 455.00,108.00 455.00,160.13 455.00,160.13
                 455.00,160.13 375.00,160.13 375.00,160.13
                 372.91,160.00 370.00,159.93 368.00,160.13
                 366.57,160.72 365.29,161.22 364.04,162.01
                 350.24,170.77 373.04,180.70 371.19,188.96
                 370.36,192.67 365.23,194.59 362.00,195.56
                 356.36,197.25 338.71,199.86 333.00,199.49
                 327.10,199.10 316.37,197.54 311.00,195.37
                 308.48,194.35 304.73,192.69 303.92,189.82
                 302.25,183.80 314.72,175.31 316.30,168.00
                 317.14,164.10 314.67,161.25 311.00,160.10
                 309.55,159.94 306.58,160.00 305.00,160.10
                 305.00,160.10 229.10,160.10 229.10,160.10
                 229.10,160.10 229.10,108.00 229.10,108.00
                 229.00,106.41 228.94,103.46 229.10,102.00
                 230.75,96.32 235.78,94.86 241.00,95.04
                 251.53,95.41 259.05,103.87 269.00,102.89
                 277.42,102.06 280.58,93.03 282.57,86.00
                 283.55,82.54 284.50,78.60 284.22,75.00
                 283.54,66.62 277.98,53.37 268.00,53.48
                 262.09,53.55 255.58,57.99 250.00,59.71
                 244.74,61.34 232.66,66.10 229.60,58.87
                 228.88,57.18 229.00,53.89 229.00,52.00
                 229.00,52.00 229.00,0.00 229.00,0.00
                 229.00,0.00 455.00,0.00 455.00,0.00 Z" />
    </mask>
  </defs>

  <image width="400" height="300"
             xlink:href="http://lorempixel.com/400/300/sports/"
             mask="url(#hole)"/>
</svg>
