<?xml version="1.0" encoding="UTF-8" standalone="no"?>
<!DOCTYPE svg PUBLIC "-//W3C//DTD SVG 20010904//EN"
              "http://www.w3.org/TR/2001/REC-SVG-20010904/DTD/svg10.dtd">

<svg xmlns="http://www.w3.org/2000/svg"
     width="15.7778in" height="8.88889in"
     viewBox="0 0 1136 640">
  <path id="20"
        fill="none" stroke="black" stroke-width="1"
        d="M 986.00,480.90
           C 987.58,481.00 990.55,481.06 992.00,480.90
             1005.56,477.23 990.13,462.95 986.81,458.00
             985.63,456.25 984.47,454.23 984.96,452.04
             985.74,448.56 990.00,446.78 993.00,445.70
             1000.13,443.14 1009.44,441.92 1017.00,442.00
             1023.52,442.08 1037.81,444.21 1044.00,446.22
             1046.84,447.14 1051.39,448.94 1052.29,452.10
             1054.57,460.07 1032.78,469.55 1044.06,478.57
             1045.30,479.56 1046.47,480.15 1048.00,480.86
             1049.86,481.08 1053.01,481.00 1055.00,480.86
             1055.00,480.86 1136.00,480.86 1136.00,480.86
             1136.00,480.86 1136.00,640.00 1136.00,640.00
             1136.00,640.00 910.10,640.00 910.10,640.00
             910.10,640.00 910.10,588.00 910.10,588.00
             910.00,586.41 909.94,583.46 910.10,582.00
             911.75,576.32 916.78,574.86 922.00,575.04
             932.53,575.41 940.05,583.87 950.00,582.89
             958.42,582.06 961.58,573.03 963.57,566.00
             964.55,562.54 965.50,558.60 965.22,555.00
             964.54,546.62 958.98,533.37 949.00,533.48
             943.09,533.55 936.58,537.99 931.00,539.71
             925.74,541.34 913.66,546.10 910.60,538.87
             909.88,537.18 910.00,533.89 910.00,532.00
             910.00,532.00 910.00,480.90 910.00,480.90
             910.00,480.90 986.00,480.90 986.00,480.90 Z" />
</svg>
