<?xml version="1.0" encoding="UTF-8" standalone="no"?>
<!DOCTYPE svg PUBLIC "-//W3C//DTD SVG 20010904//EN"
              "http://www.w3.org/TR/2001/REC-SVG-20010904/DTD/svg10.dtd">

<svg xmlns="http://www.w3.org/2000/svg"
     width="15.7778in" height="8.88889in"
     viewBox="0 0 1136 640">
  <path id="03"
        fill="none" stroke="black" stroke-width="1"
        d="M 682.00,0.00
           C 682.00,0.00 682.00,53.00 682.00,53.00
             682.00,54.72 682.14,58.11 681.43,59.61
             678.54,65.71 667.55,61.56 663.00,60.11
             651.49,56.46 640.91,47.37 631.70,61.00
             630.27,63.12 629.45,65.58 628.72,68.00
             627.73,71.29 626.90,74.54 627.19,78.00
             627.90,86.61 632.70,102.31 643.00,102.93
             652.34,103.49 660.54,95.73 670.00,95.10
             674.61,94.79 680.32,95.90 681.90,101.04
             682.06,102.44 682.00,105.46 681.90,107.00
             681.90,107.00 681.90,160.13 681.90,160.13
             681.90,160.13 602.00,160.13 602.00,160.13
             599.91,160.00 597.00,159.93 595.00,160.13
             593.57,160.72 592.29,161.22 591.04,162.01
             577.24,170.77 600.04,180.70 598.19,188.96
             597.36,192.67 592.23,194.59 589.00,195.56
             583.36,197.25 565.71,199.86 560.00,199.49
             554.10,199.10 543.37,197.54 538.00,195.37
             535.48,194.35 531.73,192.69 530.92,189.82
             529.25,183.80 541.72,175.31 543.30,168.00
             544.14,164.10 541.67,161.25 538.00,160.10
             536.55,159.94 533.58,160.00 532.00,160.10
             532.00,160.10 456.10,160.10 456.10,160.10
             456.10,160.10 456.10,108.00 456.10,108.00
             456.00,106.41 455.94,103.46 456.10,102.00
             457.75,96.32 462.78,94.86 468.00,95.04
             478.53,95.41 486.05,103.87 496.00,102.89
             504.42,102.06 507.58,93.03 509.57,86.00
             510.55,82.54 511.50,78.60 511.22,75.00
             510.54,66.62 504.98,53.37 495.00,53.48
             489.09,53.55 482.58,57.99 477.00,59.71
             471.74,61.34 459.66,66.10 456.60,58.87
             455.88,57.18 456.00,53.89 456.00,52.00
             456.00,52.00 456.00,0.00 456.00,0.00
             456.00,0.00 682.00,0.00 682.00,0.00 Z" />
</svg>
