<?xml version="1.0" encoding="UTF-8" standalone="no"?>
<!DOCTYPE svg PUBLIC "-//W3C//DTD SVG 20010904//EN"
              "http://www.w3.org/TR/2001/REC-SVG-20010904/DTD/svg10.dtd">

<svg xmlns="http://www.w3.org/2000/svg"
     width="15.7778in" height="8.88889in"
     viewBox="0 0 1136 640">
  <path id="04"
        fill="none" stroke="black" stroke-width="1"
        d="M 909.00,0.00
           C 909.00,0.00 909.00,52.00 909.00,52.00
             909.00,53.97 908.89,57.15 909.60,58.95
             912.78,66.94 923.24,62.94 929.00,61.27
             940.42,57.97 951.70,47.60 960.39,62.00
             961.63,64.06 962.19,65.72 962.84,68.00
             963.51,70.32 964.37,73.62 964.42,76.00
             964.55,82.57 960.48,96.49 954.91,100.26
             952.77,101.71 950.52,101.99 948.00,101.95
             937.31,101.76 924.19,89.17 914.02,95.74
             912.07,97.00 910.42,98.81 909.60,101.00
             908.89,102.91 909.00,105.94 909.00,108.00
             909.00,108.00 909.00,159.92 909.00,159.92
             909.00,159.92 828.00,159.92 828.00,159.92
             828.00,159.92 822.00,159.92 822.00,159.92
             820.51,159.50 819.33,159.12 818.06,158.26
             805.51,149.76 830.06,139.60 825.93,131.10
             824.23,127.60 818.55,125.57 815.00,124.67
             806.87,122.60 793.30,120.52 785.00,121.09
             779.21,121.48 769.26,123.18 764.00,125.47
             761.19,126.69 757.67,128.77 756.96,132.02
             755.74,137.62 764.71,142.95 768.47,151.00
             770.71,155.82 769.55,159.26 763.98,159.96
             763.98,159.96 759.00,159.96 759.00,159.96
             759.00,159.96 683.00,159.96 683.00,159.96
             683.00,159.96 683.00,107.00 683.00,107.00
             683.00,105.00 683.11,101.87 682.40,100.04
             679.62,92.91 669.94,93.43 664.00,95.36
             653.46,98.78 639.67,109.38 632.52,94.00
             632.52,94.00 629.74,86.00 629.74,86.00
             628.84,82.73 627.91,78.38 628.19,75.00
             628.38,72.65 629.30,69.27 630.03,67.00
             630.71,64.89 631.45,62.85 632.70,61.06
             641.28,48.37 652.50,57.77 663.00,61.06
             668.18,62.77 679.30,66.89 682.40,59.79
             683.12,58.14 683.00,54.85 683.00,53.00
             683.00,53.00 683.00,0.00 683.00,0.00
             683.00,0.00 909.00,0.00 909.00,0.00 Z" />
</svg>
