<?xml version="1.0" encoding="UTF-8" standalone="no"?>
<!DOCTYPE svg PUBLIC "-//W3C//DTD SVG 20010904//EN"
              "http://www.w3.org/TR/2001/REC-SVG-20010904/DTD/svg10.dtd">

<svg xmlns="http://www.w3.org/2000/svg"
     width="15.7778in" height="8.88889in"
     viewBox="0 0 1136 640">
  <path id="05"
        fill="none" stroke="black" stroke-width="1"
        d="M 1136.00,0.00
           C 1136.00,0.00 1136.00,160.13 1136.00,160.13
             1136.00,160.13 1056.00,160.13 1056.00,160.13
             1053.91,160.00 1051.00,159.93 1049.00,160.13
             1047.57,160.72 1046.29,161.22 1045.04,162.01
             1031.24,170.77 1054.04,180.70 1052.19,188.96
             1051.36,192.67 1046.23,194.59 1043.00,195.56
             1037.36,197.25 1019.71,199.86 1014.00,199.49
             1008.10,199.10 997.37,197.54 992.00,195.37
             989.48,194.35 985.73,192.69 984.92,189.82
             983.25,183.80 995.72,175.31 997.30,168.00
             998.14,164.10 995.67,161.25 992.00,160.10
             990.55,159.94 987.58,160.00 986.00,160.10
             986.00,160.10 910.10,160.10 910.10,160.10
             910.10,160.10 910.10,108.00 910.10,108.00
             910.00,106.41 909.94,103.46 910.10,102.00
             911.75,96.32 916.78,94.86 922.00,95.04
             932.53,95.41 940.05,103.87 950.00,102.89
             958.42,102.06 961.58,93.03 963.57,86.00
             964.55,82.54 965.50,78.60 965.22,75.00
             964.54,66.62 958.98,53.37 949.00,53.48
             943.09,53.55 936.58,57.99 931.00,59.71
             925.74,61.34 913.66,66.10 910.60,58.87
             909.88,57.18 910.00,53.89 910.00,52.00
             910.00,52.00 910.00,0.00 910.00,0.00
             910.00,0.00 1136.00,0.00 1136.00,0.00 Z" />
</svg>
