<?xml version="1.0" encoding="UTF-8" standalone="no"?>
<!DOCTYPE svg PUBLIC "-//W3C//DTD SVG 20010904//EN"
              "http://www.w3.org/TR/2001/REC-SVG-20010904/DTD/svg10.dtd">

<svg xmlns="http://www.w3.org/2000/svg"
     width="15.7778in" height="8.88889in"
     viewBox="0 0 1136 640">
  <path id="06"
        fill="none" stroke="black" stroke-width="1"
        d="M 77.00,161.05
           C 77.00,161.05 82.00,161.05 82.00,161.05
             95.56,163.28 80.70,178.51 77.38,183.00
             76.13,184.68 74.68,186.78 74.99,189.00
             75.45,192.30 79.24,194.67 82.00,195.94
             87.31,198.39 99.04,200.18 105.00,200.41
             111.20,200.64 129.12,198.21 135.00,196.25
             138.13,195.21 142.52,193.19 143.87,189.96
             147.36,181.59 123.93,171.18 136.11,163.01
             137.30,162.21 138.61,161.71 140.00,161.13
             141.99,160.93 144.91,161.00 147.00,161.13
             147.00,161.13 228.00,161.13 228.00,161.13
             228.00,161.13 228.00,213.00 228.00,213.00
             228.00,214.72 228.14,218.11 227.43,219.61
             224.54,225.71 213.55,221.56 209.00,220.11
             197.49,216.46 186.91,207.37 177.70,221.00
             176.27,223.12 175.45,225.58 174.72,228.00
             173.73,231.29 172.90,234.54 173.19,238.00
             173.90,246.61 178.70,262.31 189.00,262.93
             198.34,263.49 206.54,255.73 216.00,255.10
             220.61,254.79 226.32,255.90 227.90,261.04
             228.06,262.44 228.00,265.46 227.90,267.00
             227.90,267.00 227.90,319.92 227.90,319.92
             227.90,319.92 146.00,319.92 146.00,319.92
             146.00,319.92 140.00,319.92 140.00,319.92
             138.51,319.50 137.33,319.12 136.06,318.26
             123.51,309.76 148.06,299.60 143.93,291.10
             142.23,287.60 136.55,285.57 133.00,284.67
             124.87,282.60 111.30,280.52 103.00,281.09
             97.21,281.48 87.26,283.18 82.00,285.47
             79.19,286.69 75.67,288.77 74.96,292.02
             73.74,297.62 82.71,302.95 86.47,311.00
             88.71,315.82 87.55,319.26 81.98,319.96
             81.98,319.96 77.00,319.96 77.00,319.96
             77.00,319.96 0.00,319.96 0.00,319.96
             0.00,319.96 0.00,161.05 0.00,161.05
             0.00,161.05 77.00,161.05 77.00,161.05 Z" />
</svg>
