<?xml version="1.0" encoding="UTF-8" standalone="no"?>
<!DOCTYPE svg PUBLIC "-//W3C//DTD SVG 20010904//EN"
              "http://www.w3.org/TR/2001/REC-SVG-20010904/DTD/svg10.dtd">

<svg xmlns="http://www.w3.org/2000/svg"
     width="15.7778in" height="8.88889in"
     viewBox="0 0 1136 640">
  <path id="07"
        fill="none" stroke="black" stroke-width="1"
        d="M 305.00,161.05
           C 305.00,161.05 310.00,161.05 310.00,161.05
             323.56,163.28 308.70,178.51 305.38,183.00
             304.13,184.68 302.68,186.78 302.99,189.00
             303.45,192.30 307.24,194.67 310.00,195.94
             315.31,198.39 327.04,200.18 333.00,200.41
             339.20,200.64 357.12,198.21 363.00,196.25
             366.13,195.21 370.52,193.19 371.87,189.96
             375.36,181.59 351.93,171.18 364.11,163.01
             365.30,162.21 366.61,161.71 368.00,161.13
             369.99,160.93 372.91,161.00 375.00,161.13
             375.00,161.13 455.00,161.13 455.00,161.13
             455.00,161.13 455.00,212.00 455.00,212.00
             455.00,213.97 454.89,217.15 455.60,218.95
             458.78,226.94 469.24,222.94 475.00,221.27
             486.42,217.97 497.70,207.60 506.39,222.00
             507.63,224.06 508.19,225.72 508.84,228.00
             509.51,230.32 510.37,233.62 510.42,236.00
             510.55,242.57 506.48,256.49 500.91,260.26
             498.77,261.71 496.52,261.99 494.00,261.95
             483.31,261.76 470.19,249.17 460.02,255.74
             458.07,257.00 456.42,258.81 455.60,261.00
             454.89,262.91 455.00,265.94 455.00,268.00
             455.00,268.00 455.00,320.13 455.00,320.13
             455.00,320.13 375.00,320.13 375.00,320.13
             372.91,320.00 370.00,319.93 368.00,320.13
             366.57,320.72 365.29,321.22 364.04,322.01
             350.24,330.77 373.04,340.70 371.19,348.96
             370.36,352.67 365.23,354.59 362.00,355.56
             356.36,357.25 338.71,359.86 333.00,359.49
             327.10,359.10 316.37,357.54 311.00,355.37
             308.48,354.35 304.73,352.69 303.92,349.82
             302.25,343.80 314.72,335.31 316.30,328.00
             317.14,324.10 314.67,321.25 311.00,320.10
             309.55,319.94 306.58,320.00 305.00,320.10
             305.00,320.10 229.00,320.10 229.00,320.10
             229.00,320.10 229.00,267.00 229.00,267.00
             229.00,265.00 229.11,261.87 228.40,260.04
             225.62,252.91 215.94,253.43 210.00,255.36
             199.46,258.78 185.67,269.38 178.52,254.00
             178.52,254.00 175.74,246.00 175.74,246.00
             174.84,242.73 173.91,238.38 174.19,235.00
             174.38,232.65 175.30,229.27 176.03,227.00
             176.71,224.89 177.45,222.85 178.70,221.06
             187.28,208.37 198.50,217.77 209.00,221.06
             214.18,222.77 225.30,226.89 228.40,219.79
             229.12,218.14 229.00,214.85 229.00,213.00
             229.00,213.00 229.00,161.05 229.00,161.05
             229.00,161.05 305.00,161.05 305.00,161.05 Z" />
</svg>
