<?xml version="1.0" encoding="UTF-8" standalone="no"?>
<!DOCTYPE svg PUBLIC "-//W3C//DTD SVG 20010904//EN"
              "http://www.w3.org/TR/2001/REC-SVG-20010904/DTD/svg10.dtd">

<svg xmlns="http://www.w3.org/2000/svg"
     width="15.7778in" height="8.88889in"
     viewBox="0 0 1136 640">
  <path id="08"
        fill="none" stroke="black" stroke-width="1"
        d="M 532.00,161.05
           C 532.00,161.05 537.00,161.05 537.00,161.05
             550.56,163.28 535.70,178.51 532.38,183.00
             531.13,184.68 529.68,186.78 529.99,189.00
             530.45,192.30 534.24,194.67 537.00,195.94
             542.31,198.39 554.04,200.18 560.00,200.41
             566.20,200.64 584.12,198.21 590.00,196.25
             593.13,195.21 597.52,193.19 598.87,189.96
             602.36,181.59 578.93,171.18 591.11,163.01
             592.30,162.21 593.61,161.71 595.00,161.13
             596.99,160.93 599.91,161.00 602.00,161.13
             602.00,161.13 682.00,161.13 682.00,161.13
             682.00,161.13 682.00,213.00 682.00,213.00
             682.00,214.72 682.14,218.11 681.43,219.61
             678.54,225.71 667.55,221.56 663.00,220.11
             651.49,216.46 640.91,207.37 631.70,221.00
             630.27,223.12 629.45,225.58 628.72,228.00
             627.73,231.29 626.90,234.54 627.19,238.00
             627.90,246.61 632.70,262.31 643.00,262.93
             652.34,263.49 660.54,255.73 670.00,255.10
             674.61,254.79 680.32,255.90 681.90,261.04
             682.06,262.44 682.00,265.46 681.90,267.00
             681.90,267.00 681.90,319.92 681.90,319.92
             681.90,319.92 601.00,319.92 601.00,319.92
             601.00,319.92 595.00,319.92 595.00,319.92
             593.51,319.50 592.33,319.12 591.06,318.26
             578.51,309.76 603.06,299.60 598.93,291.10
             597.23,287.60 591.55,285.57 588.00,284.67
             579.87,282.60 566.30,280.52 558.00,281.09
             552.21,281.48 542.26,283.18 537.00,285.47
             534.19,286.69 530.67,288.77 529.96,292.02
             528.74,297.62 537.71,302.95 541.47,311.00
             543.71,315.82 542.55,319.26 536.98,319.96
             536.98,319.96 532.00,319.96 532.00,319.96
             532.00,319.96 456.10,319.96 456.10,319.96
             456.10,319.96 456.10,268.00 456.10,268.00
             456.00,266.41 455.94,263.46 456.10,262.00
             457.75,256.32 462.78,254.86 468.00,255.04
             478.53,255.41 486.05,263.87 496.00,262.89
             504.42,262.06 507.58,253.03 509.57,246.00
             510.55,242.54 511.50,238.60 511.22,235.00
             510.54,226.62 504.98,213.37 495.00,213.48
             489.09,213.55 482.58,217.99 477.00,219.71
             471.74,221.34 459.66,226.10 456.60,218.87
             455.88,217.18 456.00,213.89 456.00,212.00
             456.00,212.00 456.00,161.05 456.00,161.05
             456.00,161.05 532.00,161.05 532.00,161.05 Z" />
</svg>
