<?xml version="1.0" encoding="UTF-8" standalone="no"?>
<!DOCTYPE svg PUBLIC "-//W3C//DTD SVG 20010904//EN"
              "http://www.w3.org/TR/2001/REC-SVG-20010904/DTD/svg10.dtd">

<svg xmlns="http://www.w3.org/2000/svg"
     width="15.7778in" height="8.88889in"
     viewBox="0 0 1136 640">
  <path id="09"
        fill="none" stroke="black" stroke-width="1"
        d="M 759.00,160.90
           C 760.58,161.00 763.55,161.06 765.00,160.90
             778.56,157.23 763.13,142.95 759.81,138.00
             758.63,136.25 757.47,134.23 757.96,132.04
             758.74,128.56 763.00,126.78 766.00,125.70
             773.13,123.14 782.44,121.92 790.00,122.00
             796.52,122.08 810.81,124.21 817.00,126.22
             819.84,127.14 824.39,128.94 825.29,132.10
             827.57,140.07 805.78,149.55 817.06,158.57
             818.30,159.56 819.47,160.15 821.00,160.86
             822.86,161.08 826.01,161.00 828.00,160.86
             828.00,160.86 909.00,160.86 909.00,160.86
             909.00,160.86 909.00,212.00 909.00,212.00
             909.00,213.97 908.89,217.15 909.60,218.95
             912.78,226.94 923.24,222.94 929.00,221.27
             940.42,217.97 951.70,207.60 960.39,222.00
             961.63,224.06 962.19,225.72 962.84,228.00
             963.51,230.32 964.37,233.62 964.42,236.00
             964.55,242.57 960.48,256.49 954.91,260.26
             952.77,261.71 950.52,261.99 948.00,261.95
             937.31,261.76 924.19,249.17 914.02,255.74
             912.07,257.00 910.42,258.81 909.60,261.00
             908.89,262.91 909.00,265.94 909.00,268.00
             909.00,268.00 909.00,320.13 909.00,320.13
             909.00,320.13 829.00,320.13 829.00,320.13
             826.91,320.00 824.00,319.93 822.00,320.13
             820.57,320.72 819.29,321.22 818.04,322.01
             804.24,330.77 827.04,340.70 825.19,348.96
             824.36,352.67 819.23,354.59 816.00,355.56
             810.36,357.25 792.71,359.86 787.00,359.49
             781.10,359.10 770.37,357.54 765.00,355.37
             762.48,354.35 758.73,352.69 757.92,349.82
             756.25,343.80 768.72,335.31 770.30,328.00
             771.14,324.10 768.67,321.25 765.00,320.10
             763.55,319.94 760.58,320.00 759.00,320.10
             759.00,320.10 683.00,320.10 683.00,320.10
             683.00,320.10 683.00,267.00 683.00,267.00
             683.00,265.00 683.11,261.87 682.40,260.04
             679.62,252.91 669.94,253.43 664.00,255.36
             653.46,258.78 639.67,269.38 632.52,254.00
             632.52,254.00 629.74,246.00 629.74,246.00
             628.84,242.73 627.91,238.38 628.19,235.00
             628.38,232.65 629.30,229.27 630.03,227.00
             630.71,224.89 631.45,222.85 632.70,221.06
             641.28,208.37 652.50,217.77 663.00,221.06
             668.18,222.77 679.30,226.89 682.40,219.79
             683.12,218.14 683.00,214.85 683.00,213.00
             683.00,213.00 683.00,160.90 683.00,160.90
             683.00,160.90 759.00,160.90 759.00,160.90 Z" />
</svg>
